time	Ix(U1:drainin)
0.000000000000000e+000	2.134764e+000
2.999999998176987e-013	1.925160e+000
6.999999995746303e-013	1.677718e+000
9.999999993923290e-013	1.533411e+000
1.079999999682529e-012	1.527415e+000
1.559999999729660e-012	1.620400e+000
2.199999998663124e-012	1.707235e+000
3.479999998224118e-012	1.808965e+000
6.039999997346107e-012	1.892055e+000
1.115999999389602e-011	1.934356e+000
2.374748011228267e-011	1.957176e+000
3.633496023066932e-011	1.980654e+000
4.892244034905597e-011	2.004792e+000
6.150992046744263e-011	2.029589e+000
7.409740058582929e-011	2.055046e+000
8.668488070421593e-011	2.081161e+000
9.927236082260256e-011	2.107936e+000
1.173405449445919e-010	2.161016e+000
1.399440773072763e-010	2.276744e+000
1.717232557544359e-010	2.644179e+000
2.064961974826293e-010	3.601147e+000
2.497573768792474e-010	5.715555e+000
2.898904157307413e-010	7.947874e+000
3.441545341047734e-010	1.000586e+001
3.666605768597219e-010	9.958675e+000
3.873582702087152e-010	9.212743e+000
4.160694576618349e-010	7.917033e+000
4.484322152162063e-010	6.528320e+000
4.643493930736782e-010	6.001786e+000
4.791086827740502e-010	5.686464e+000
4.972900645993392e-010	5.452794e+000
5.171382583598206e-010	5.324368e+000
5.370988679427347e-010	5.282861e+000
5.601944592289332e-010	5.288150e+000
5.883192740415463e-010	5.325613e+000
6.264915302672976e-010	5.396178e+000
6.760361599339525e-010	5.500639e+000
7.439425116911191e-010	5.653476e+000
8.248151577225902e-010	5.841470e+000
9.274671994848011e-010	6.082822e+000
1.050451434376939e-009	6.371003e+000
1.210377805205547e-009	6.740074e+000
1.404040837039590e-009	7.173788e+000
1.693744317072900e-009	7.789693e+000
2.093744317072083e-009	8.576010e+000
2.493744317071266e-009	9.279068e+000
2.893744317070449e-009	9.883787e+000
3.293744317069632e-009	1.038186e+001
3.693744317068815e-009	1.076657e+001
4.093744317067998e-009	1.103296e+001
4.493744317067181e-009	1.120040e+001
4.601000000001009e-009	1.122279e+001
4.786488634132537e-009	1.122902e+001
5.001000000000192e-009	1.121542e+001
5.001100000000131e-009	1.128729e+001
5.001300000000009e-009	1.142459e+001
5.001699999999766e-009	1.168248e+001
5.001999999999584e-009	1.186602e+001
5.002240000000454e-009	1.181862e+001
5.002559999999921e-009	1.177302e+001
5.003199999998855e-009	1.169924e+001
5.004333359906311e-009	1.159841e+001
5.006600079719530e-009	1.146399e+001
5.011133519347661e-009	1.131904e+001
5.019321551803902e-009	1.121184e+001
5.028081676977173e-009	1.117860e+001
5.040751420566333e-009	1.116968e+001
5.059774101927016e-009	1.116258e+001
5.097819464648383e-009	1.114744e+001
5.173910190089422e-009	1.111104e+001
5.295337210409020e-009	1.102929e+001
5.407805839516614e-009	1.090972e+001
5.503737922801414e-009	1.073422e+001
5.583305484188066e-009	1.047437e+001
5.654779241356293e-009	1.006739e+001
5.725760893869698e-009	9.403498e+000
5.799670883709348e-009	8.444006e+000
5.876124015739162e-009	7.455394e+000
5.963347082539708e-009	6.687461e+000
6.058493450278402e-009	6.248682e+000
6.159422647603716e-009	6.007236e+000
6.250591856618256e-009	5.869404e+000
6.344622727517154e-009	5.758950e+000
6.431290545777480e-009	5.665749e+000
6.521544550156446e-009	5.569438e+000
6.617881806427066e-009	5.464194e+000
6.718287994334759e-009	5.348168e+000
6.823846584640754e-009	5.217234e+000
6.934676532429550e-009	5.069547e+000
7.059318913279738e-009	4.885211e+000
7.204463677844364e-009	4.631461e+000
7.376149546919761e-009	4.261864e+000
7.583231260304646e-009	3.754307e+000
7.853664796112725e-009	3.169598e+000
8.214403049348169e-009	2.617727e+000
8.541367476774337e-009	2.230533e+000
8.804630075678039e-009	1.938047e+000
9.083353111620003e-009	1.631354e+000
9.366469445922705e-009	1.320912e+000
9.689036244325515e-009	9.694726e-001
1.001989412574148e-008	6.139439e-001
1.041989412574066e-008	1.938125e-001
1.081989412573984e-008	-2.124612e-001
1.121989412573903e-008	-6.004064e-001
1.161989412573821e-008	-9.657129e-001
1.201989412573739e-008	-1.304013e+000
1.241989412573658e-008	-1.611227e+000
1.281989412573576e-008	-1.885887e+000
1.321989412573494e-008	-2.140173e+000
1.361989412573413e-008	-2.430859e+000
1.401989412573331e-008	-2.804538e+000
1.441989412573249e-008	-3.136693e+000
1.481989412573167e-008	-3.280582e+000
1.521989412573086e-008	-3.256888e+000
1.561989412573004e-008	-3.122959e+000
1.601989412572922e-008	-2.900941e+000
1.641989412572841e-008	-2.599962e+000
1.681989412572759e-008	-2.227822e+000
1.721989412572677e-008	-1.793504e+000
1.761989412572596e-008	-1.333445e+000
1.801989412572514e-008	-9.240812e-001
1.825885148855867e-008	-6.920965e-001
1.849295269552138e-008	-3.737614e-001
1.861811350584308e-008	-1.374721e-001
1.874763478789239e-008	1.323218e-001
1.888825857264288e-008	4.063392e-001
1.916950614214387e-008	8.891538e-001
1.948368939925745e-008	1.377270e+000
1.968429959863705e-008	1.680842e+000
1.969757924404947e-008	1.699108e+000
1.972413853487430e-008	1.735641e+000
1.977725711652398e-008	1.815147e+000
1.988349427982333e-008	1.970960e+000
1.999999999999981e-008	2.134299e+000
2.000029999999963e-008	1.931936e+000
2.000069999999938e-008	1.692697e+000
2.000099999999920e-008	1.529442e+000
2.000124000000007e-008	1.585430e+000
2.000155999999954e-008	1.647786e+000
2.000219999999847e-008	1.740066e+000
2.000347999999803e-008	1.848099e+000
2.000603999999716e-008	1.936140e+000
2.001115999999371e-008	1.980496e+000
2.002363671192701e-008	2.003141e+000
2.003611342386033e-008	2.026429e+000
2.004859013579364e-008	2.050359e+000
2.006106684772695e-008	2.074933e+000
2.007354355966026e-008	2.100149e+000
2.008602027159357e-008	2.126009e+000
2.009849698352688e-008	2.152511e+000
2.011663482768080e-008	2.206041e+000
2.013921906453130e-008	2.322883e+000
2.017095302297092e-008	2.694960e+000
2.020565602319304e-008	3.665407e+000
2.024887006201283e-008	5.818458e+000
2.028888537372180e-008	8.136286e+000
2.034233321421355e-008	1.040818e+001
2.036393404334065e-008	1.046955e+001
2.038505101130866e-008	9.744667e+000
2.041420796029928e-008	8.373288e+000
2.044445046960855e-008	6.964453e+000
2.046277083274890e-008	6.272444e+000
2.047740047279963e-008	5.892897e+000
2.049427160365172e-008	5.619398e+000
2.051428323825373e-008	5.443677e+000
2.053318412304270e-008	5.378685e+000
2.055508777424623e-008	5.369154e+000
2.058073880824018e-008	5.394739e+000
2.061528730805692e-008	5.453063e+000
2.065997168972308e-008	5.543146e+000
2.072159910682586e-008	5.678319e+000
2.079777590201550e-008	5.852657e+000
2.089247928527013e-008	6.073356e+000
2.100741615287176e-008	6.341517e+000
2.115345574493598e-008	6.678359e+000
2.133401931042229e-008	7.084943e+000
2.156613445004312e-008	7.587366e+000
2.186408369022343e-008	8.192953e+000
2.226408369022262e-008	8.934908e+000
2.266408369022180e-008	9.588449e+000
2.306408369022098e-008	1.013944e+001
2.346408369022016e-008	1.058031e+001
2.386408369021935e-008	1.090526e+001
2.426408369021853e-008	1.111506e+001
2.460100000000082e-008	1.119282e+001
2.500100000000000e-008	1.119758e+001
2.500109999999994e-008	1.126946e+001
2.500129999999982e-008	1.140680e+001
2.500169999999958e-008	1.166474e+001
2.500199999999939e-008	1.184829e+001
2.500224000000026e-008	1.180090e+001
2.500255999999973e-008	1.175531e+001
2.500319999999866e-008	1.168153e+001
2.500433249588169e-008	1.158076e+001
2.500659748764775e-008	1.144638e+001
2.501112747117986e-008	1.130138e+001
2.501931077518818e-008	1.119396e+001
2.502806438565656e-008	1.116049e+001
2.504072203475873e-008	1.115127e+001
2.505971767979335e-008	1.114372e+001
2.509770896986091e-008	1.112773e+001
2.517369154999602e-008	1.108965e+001
2.529528786426324e-008	1.100509e+001
2.540793837416367e-008	1.088297e+001
2.550390613058664e-008	1.070556e+001
2.558345873187728e-008	1.044450e+001
2.565492017296114e-008	1.003690e+001
2.572590408473842e-008	9.373260e+000
2.579981241682109e-008	8.415329e+000
2.587632501755690e-008	7.428039e+000
2.596359455834476e-008	6.661438e+000
2.605876773036653e-008	6.223368e+000
2.615978808727668e-008	5.981733e+000
2.625081277148263e-008	5.843706e+000
2.634458222008733e-008	5.732931e+000
2.643102532089469e-008	5.639347e+000
2.652105442690631e-008	5.542665e+000
2.661710557424301e-008	5.437167e+000
2.671724203490683e-008	5.321031e+000
2.682255440411071e-008	5.190236e+000
2.693318925132285e-008	5.043067e+000
2.705761845880844e-008	4.860249e+000
2.720278437532905e-008	4.609759e+000
2.737487138052950e-008	4.245595e+000
2.758280127743393e-008	3.741633e+000
2.785461371201736e-008	3.152706e+000
2.821725384853962e-008	2.591921e+000
2.854549706901624e-008	2.200769e+000
2.880953687241293e-008	1.906904e+000
2.908872673665041e-008	1.599661e+000
2.937224271653226e-008	1.289009e+000
2.969460086432492e-008	9.382858e-001
3.002457217684302e-008	5.844428e-001
3.042457217684221e-008	1.654787e-001
3.082457217684139e-008	-2.393311e-001
3.122457217684057e-008	-6.254941e-001
3.162457217683976e-008	-9.887002e-001
3.202457217683894e-008	-1.324616e+000
3.242457217683812e-008	-1.629372e+000
3.282457217683731e-008	-1.902699e+000
3.322457217683649e-008	-2.162168e+000
3.362457217683567e-008	-2.472079e+000
3.402457217683485e-008	-2.855605e+000
3.442457217683404e-008	-3.165940e+000
3.482457217683322e-008	-3.282742e+000
3.522457217683240e-008	-3.245051e+000
3.562457217683159e-008	-3.103155e+000
3.602457217683077e-008	-2.874990e+000
3.642457217682995e-008	-2.568855e+000
3.682457217682914e-008	-2.192462e+000
3.722457217682832e-008	-1.756368e+000
3.762457217682750e-008	-1.322717e+000
3.793915689079347e-008	-1.072801e+000
3.811312637462327e-008	-9.525369e-001
3.834406083758712e-008	-6.781090e-001
3.845144463476244e-008	-4.741755e-001
3.857259496978776e-008	-2.029954e-001
3.870652042625841e-008	8.913854e-002
3.888249934764000e-008	4.416811e-001
3.906864835383442e-008	7.685056e-001
3.936830446423865e-008	1.236709e+000
3.965583585991103e-008	1.666225e+000
3.971179700840864e-008	1.749086e+000
3.982371930540386e-008	1.913658e+000
3.999999999999962e-008	2.178194e+000
4.000029999999944e-008	1.973573e+000
4.000069999999919e-008	1.731805e+000
4.000099999999901e-008	1.566907e+000
4.000123999999988e-008	1.621893e+000
4.000155999999935e-008	1.683133e+000
4.000219999999828e-008	1.773759e+000
4.000347999999784e-008	1.879861e+000
4.000603999999696e-008	1.966355e+000
4.001115999999351e-008	2.010018e+000
4.002355299844165e-008	2.032397e+000
4.003594599688978e-008	2.055429e+000
4.004833899533791e-008	2.079114e+000
4.006073199378604e-008	2.103453e+000
4.007312499223417e-008	2.128446e+000
4.008551799068230e-008	2.154093e+000
4.009791098913044e-008	2.180393e+000
4.011611491436492e-008	2.234293e+000
4.013870910245834e-008	2.352293e+000
4.017047627102355e-008	2.729398e+000
4.020509794179499e-008	3.710305e+000
4.024826815513347e-008	5.891276e+000
4.028822876850572e-008	8.264572e+000
4.034122155231015e-008	1.066888e+001
4.036258697929215e-008	1.080320e+001
4.038416622674650e-008	1.009375e+001
4.041374462922473e-008	8.666929e+000
4.044268426774701e-008	7.254548e+000
4.046358255694799e-008	6.406949e+000
4.047795805131723e-008	5.996269e+000
4.049362913722987e-008	5.717159e+000
4.051350423090514e-008	5.519296e+000
4.053187315050735e-008	5.439854e+000
4.055411304906435e-008	5.420321e+000
4.057780986578832e-008	5.438940e+000
4.061174663080251e-008	5.492828e+000
4.065249201250085e-008	5.572513e+000
4.071397626537052e-008	5.704926e+000
4.078475604219396e-008	5.864887e+000
4.087977304688677e-008	6.084412e+000
4.098705642063885e-008	6.333099e+000
4.113257455549365e-008	6.667221e+000
4.130081986024289e-008	7.044949e+000
4.153148228966325e-008	7.544125e+000
4.180394728224937e-008	8.100162e+000
4.218760811357625e-008	8.818293e+000
4.258760811357544e-008	9.482263e+000
4.298760811357462e-008	1.004603e+001
4.338760811357380e-008	1.050102e+001
4.378760811357299e-008	1.084118e+001
4.418760811357217e-008	1.106219e+001
4.458760811357135e-008	1.119120e+001
4.460100000000063e-008	1.119336e+001
4.462778377285917e-008	1.119514e+001
4.468135131857627e-008	1.119665e+001
4.478848641001046e-008	1.119140e+001
4.500099999999981e-008	1.116559e+001
4.500109999999975e-008	1.123749e+001
4.500129999999963e-008	1.137486e+001
4.500169999999938e-008	1.163285e+001
4.500199999999920e-008	1.181642e+001
4.500224000000007e-008	1.176904e+001
4.500255999999954e-008	1.172345e+001
4.500319999999847e-008	1.164967e+001
4.500433114591088e-008	1.154899e+001
4.500659343773401e-008	1.141467e+001
4.501111802138026e-008	1.126962e+001
4.501929084068431e-008	1.116201e+001
4.502803179765445e-008	1.112835e+001
4.504066486085453e-008	1.111891e+001
4.505961056359161e-008	1.111110e+001
4.509750196906407e-008	1.109460e+001
4.517328478000901e-008	1.105556e+001
4.529511467698100e-008	1.096925e+001
4.540803218036036e-008	1.084557e+001
4.550405595026913e-008	1.066721e+001
4.558358736665420e-008	1.040586e+001
4.565502808357946e-008	9.998678e+000
4.572600496244895e-008	9.336585e+000
4.579990345752804e-008	8.381637e+000
4.587646978947699e-008	7.396866e+000
4.596390338780228e-008	6.631462e+000
4.605907847852308e-008	6.191316e+000
4.614989530614451e-008	5.970548e+000
4.624548570369233e-008	5.823657e+000
4.633764921046691e-008	5.713259e+000
4.642476984363513e-008	5.618601e+000
4.651394711767340e-008	5.522749e+000
4.660984210445910e-008	5.417585e+000
4.670897944411671e-008	5.303068e+000
4.681376895531858e-008	5.173841e+000
4.692358655810931e-008	5.029370e+000
4.704735403603297e-008	4.850855e+000
4.718727658890829e-008	4.616668e+000
4.735350171050686e-008	4.278296e+000
4.755331187800462e-008	3.802554e+000
4.781314539840992e-008	3.220890e+000
4.815444294333163e-008	2.655857e+000
4.844241240336677e-008	2.297908e+000
4.869895488599929e-008	2.009615e+000
4.898751513260767e-008	1.692202e+000
4.927329589768965e-008	1.379342e+000
4.958269399871296e-008	1.042557e+000
4.990023308436241e-008	7.010618e-001
5.027752970591671e-008	3.034618e-001
5.067752970591589e-008	-1.053418e-001
5.107752970591508e-008	-4.970339e-001
5.147752970591426e-008	-8.672071e-001
5.187752970591344e-008	-1.211541e+000
5.227752970591263e-008	-1.525976e+000
5.267752970591181e-008	-1.808774e+000
5.307752970591099e-008	-2.070147e+000
5.347752970591017e-008	-2.361188e+000
5.387752970590936e-008	-2.734441e+000
5.427752970590854e-008	-3.082827e+000
5.467752970590772e-008	-3.254470e+000
5.507752970590691e-008	-3.255809e+000
5.547752970590609e-008	-3.144178e+000
5.587752970590527e-008	-2.943409e+000
5.627752970590446e-008	-2.662717e+000
5.667752970590364e-008	-2.309566e+000
5.707752970590282e-008	-1.892634e+000
5.747752970590200e-008	-1.453377e+000
5.782572820333010e-008	-1.156003e+000
5.804446262261818e-008	-1.034243e+000
5.822708139988427e-008	-8.630291e-001
5.835763183782515e-008	-6.344202e-001
5.847999980366944e-008	-3.666731e-001
5.861376722142227e-008	-7.034516e-002
5.881634257588792e-008	3.465806e-001
5.903046217595453e-008	7.323993e-001
5.929526174149949e-008	1.150986e+000
5.959807346571177e-008	1.602687e+000
5.970764230899849e-008	1.764505e+000
5.978086231342599e-008	1.871673e+000
5.985460464456255e-008	1.984475e+000
5.986975829973127e-008	2.003936e+000
5.988491195489999e-008	2.023974e+000
5.990006561006870e-008	2.044591e+000
5.991521926523743e-008	2.065786e+000
5.993037292040614e-008	2.087559e+000
5.994552657557486e-008	2.109910e+000
5.996068023074357e-008	2.132838e+000
5.999999999999943e-008	2.189172e+000
6.000029999999924e-008	1.985794e+000
6.000069999999900e-008	1.745445e+000
6.000099999999882e-008	1.581484e+000
6.000123999999969e-008	1.637053e+000
6.000155999999916e-008	1.698939e+000
6.000219999999809e-008	1.790514e+000
6.000347999999765e-008	1.897706e+000
6.000603999999677e-008	1.985040e+000
6.001115999999332e-008	2.029019e+000
6.002349410346669e-008	2.051217e+000
6.003582820694004e-008	2.074065e+000
6.004816231041341e-008	2.097560e+000
6.006049641388678e-008	2.121704e+000
6.007283051736014e-008	2.146497e+000
6.008516462083350e-008	2.171937e+000
6.009749872430687e-008	2.198027e+000
6.011572966192348e-008	2.251962e+000
6.013830082760718e-008	2.369997e+000
6.017000428989608e-008	2.747591e+000
6.020462318577742e-008	3.733328e+000
6.024778630834561e-008	5.929658e+000
6.028767793629514e-008	8.337953e+000
6.034031894259013e-008	1.082988e+001
6.036193326021209e-008	1.102325e+001
6.038371983069644e-008	1.033657e+001
6.041386730402881e-008	8.859597e+000
6.044183918441869e-008	7.452788e+000
6.046487193201136e-008	6.481256e+000
6.047932455516282e-008	6.051917e+000
6.049489665725755e-008	5.763539e+000
6.051480056335992e-008	5.554897e+000
6.053317028211908e-008	5.472075e+000
6.055443697792092e-008	5.451364e+000
6.057864279521499e-008	5.468715e+000
6.061124637692652e-008	5.519096e+000
6.065304434009520e-008	5.599648e+000
6.071109879958759e-008	5.723354e+000
6.078418848557873e-008	5.887135e+000
6.087480061771888e-008	6.094929e+000
6.098485428866146e-008	6.348387e+000
6.112348399131219e-008	6.664741e+000
6.129602931699069e-008	7.050011e+000
6.151505075518189e-008	7.521549e+000
6.179437839559798e-008	8.089474e+000
6.215653498479872e-008	8.766172e+000
6.255653498479791e-008	9.430287e+000
6.295653498479709e-008	9.996138e+000
6.335653498479627e-008	1.045395e+001
6.375653498479546e-008	1.079761e+001
6.415653498479464e-008	1.102276e+001
6.455653498479382e-008	1.115396e+001
6.460100000000043e-008	1.116063e+001
6.468993003041366e-008	1.116263e+001
6.482313993917316e-008	1.115425e+001
6.500099999999962e-008	1.112936e+001
6.500109999999956e-008	1.120125e+001
6.500129999999944e-008	1.133860e+001
6.500169999999919e-008	1.159655e+001
6.500199999999901e-008	1.178011e+001
6.500223999999988e-008	1.173272e+001
6.500255999999935e-008	1.168713e+001
6.500319999999828e-008	1.161333e+001
6.500432913240665e-008	1.151279e+001
6.500658739722169e-008	1.137860e+001
6.501110392685347e-008	1.123357e+001
6.501926489421503e-008	1.112578e+001
6.502799236369998e-008	1.109195e+001
6.504059627922240e-008	1.108238e+001
6.505948206431077e-008	1.107441e+001
6.509725363448581e-008	1.105763e+001
6.517279677483591e-008	1.101809e+001
6.529488503221521e-008	1.093073e+001
6.540809892287859e-008	1.080614e+001
6.550418723327085e-008	1.062740e+001
6.558369814706758e-008	1.036628e+001
6.565511626101859e-008	9.960013e+000
6.572608136115973e-008	9.300034e+000
6.579996683320212e-008	8.348542e+000
6.587657780702983e-008	7.366690e+000
6.596423192533123e-008	6.602195e+000
6.605939680986067e-008	6.163772e+000
6.614999026422807e-008	5.944374e+000
6.624553685079240e-008	5.797929e+000
6.633735497240344e-008	5.688082e+000
6.642426403828149e-008	5.593744e+000
6.651318733699862e-008	5.498288e+000
6.660879508733096e-008	5.393643e+000
6.670765318126278e-008	5.279797e+000
6.681221029508762e-008	5.151449e+000
6.692184628433286e-008	5.008173e+000
6.704544139758577e-008	4.831672e+000
6.718546747936292e-008	4.600702e+000
6.735217520633662e-008	4.267309e+000
6.755293292740022e-008	3.795642e+000
6.781426569533441e-008	3.211179e+000
6.815765513940623e-008	2.638148e+000
6.844847618853189e-008	2.276305e+000
6.870624337260446e-008	1.987746e+000
6.899671054925240e-008	1.669064e+000
6.927743715941469e-008	1.362717e+000
6.959111221989747e-008	1.022502e+000
6.990624430765693e-008	6.849865e-001
7.028863589123235e-008	2.838814e-001
7.068863589123153e-008	-1.227590e-001
7.108863589123071e-008	-5.120557e-001
7.148863589122989e-008	-8.796333e-001
7.188863589122908e-008	-1.221197e+000
7.228863589122826e-008	-1.532802e+000
7.268863589122744e-008	-1.813281e+000
7.308863589122663e-008	-2.075314e+000
7.348863589122581e-008	-2.373974e+000
7.388863589122499e-008	-2.751156e+000
7.428863589122418e-008	-3.086794e+000
7.468863589122336e-008	-3.241621e+000
7.508863589122254e-008	-3.233615e+000
7.548863589122172e-008	-3.116631e+000
7.588863589122091e-008	-2.911927e+000
7.628863589122009e-008	-2.628180e+000
7.668863589121927e-008	-2.272780e+000
7.708863589121846e-008	-1.854512e+000
7.748863589121764e-008	-1.417558e+000
7.783979214933175e-008	-1.117567e+000
7.805098690665223e-008	-9.888537e-001
7.824427251900422e-008	-7.938731e-001
7.837139813930364e-008	-5.672204e-001
7.849499431455460e-008	-2.976727e-001
7.862951569707762e-008	-4.324393e-003
7.882989891968786e-008	3.992168e-001
7.904074438908628e-008	7.701327e-001
7.933056656619954e-008	1.220796e+000
7.962392208348633e-008	1.655451e+000
7.971487401900214e-008	1.788878e+000
7.981809612896761e-008	1.939025e+000
7.999999999999923e-008	2.208672e+000
8.000029999999905e-008	2.004107e+000
8.000069999999881e-008	1.762426e+000
8.000099999999863e-008	1.597600e+000
8.000123999999950e-008	1.652641e+000
8.000155999999896e-008	1.713939e+000
8.000219999999790e-008	1.804643e+000
8.000347999999746e-008	1.910815e+000
8.000603999999658e-008	1.997328e+000
8.001115999999313e-008	2.040926e+000
8.002375819543042e-008	2.063367e+000
8.003635639086772e-008	2.086575e+000
8.004895458630501e-008	2.110550e+000
8.006155278174231e-008	2.135293e+000
8.007415097717959e-008	2.160802e+000
8.008674917261689e-008	2.187078e+000
8.009934736805418e-008	2.214122e+000
8.011803490004818e-008	2.272073e+000
8.014129527469095e-008	2.407258e+000
8.017506236253439e-008	2.857933e+000
8.020869565147801e-008	3.904656e+000
8.025152512398203e-008	6.197319e+000
8.029220955268805e-008	8.647651e+000
8.034647231365790e-008	1.098647e+001
8.036940352599494e-008	1.102462e+001
8.039019464884832e-008	1.023343e+001
8.041993771203105e-008	8.689320e+000
8.044907022960652e-008	7.211130e+000
8.046687019247363e-008	6.478663e+000
8.048141821716448e-008	6.062506e+000
8.049800738195636e-008	5.761495e+000
8.051771062341920e-008	5.563826e+000
8.053614665500375e-008	5.486825e+000
8.055748293437925e-008	5.469264e+000
8.058217315733567e-008	5.488772e+000
8.061534448834360e-008	5.540881e+000
8.065807554820098e-008	5.623538e+000
8.071752020243235e-008	5.750049e+000
8.079172304450129e-008	5.915752e+000
8.088400620951291e-008	6.126317e+000
8.099560644102051e-008	6.381749e+000
8.113716887480811e-008	6.702469e+000
8.131210646320171e-008	7.089803e+000
8.153613243278066e-008	7.567333e+000
8.181952938693377e-008	8.136439e+000
8.219077122366446e-008	8.819473e+000
8.259077122366365e-008	9.470857e+000
8.299077122366283e-008	1.002299e+001
8.339077122366201e-008	1.046680e+001
8.379077122366120e-008	1.079637e+001
8.419077122366038e-008	1.100755e+001
8.459077122365956e-008	1.112757e+001
8.460100000000024e-008	1.112903e+001
8.462145755268160e-008	1.113013e+001
8.466237265804433e-008	1.113107e+001
8.474420286876977e-008	1.112926e+001
8.483733957854854e-008	1.112046e+001
8.500099999999943e-008	1.109445e+001
8.500109999999937e-008	1.116634e+001
8.500129999999924e-008	1.130367e+001
8.500169999999900e-008	1.156161e+001
8.500199999999882e-008	1.174515e+001
8.500223999999969e-008	1.169776e+001
8.500255999999916e-008	1.165216e+001
8.500319999999809e-008	1.157835e+001
8.500432726342318e-008	1.147794e+001
8.500658179027166e-008	1.134386e+001
8.501109084397032e-008	1.119885e+001
8.501924004882250e-008	1.109091e+001
8.502795412545956e-008	1.105696e+001
8.504052961707704e-008	1.104729e+001
8.505935763614132e-008	1.103924e+001
8.509701367426989e-008	1.102232e+001
8.517232575052533e-008	1.098258e+001
8.529465508289026e-008	1.089463e+001
8.540814174453418e-008	1.076955e+001
8.550429120719344e-008	1.059078e+001
8.558378539969412e-008	1.033014e+001
8.565518244024297e-008	9.924964e+000
8.572613413684497e-008	9.267192e+000
8.580000613425166e-008	8.319070e+000
8.587665220994803e-008	7.340061e+000
8.596453874548429e-008	6.576204e+000
8.605968943072102e-008	6.139463e+000
8.615007288165824e-008	5.921453e+000
8.624557951757988e-008	5.775559e+000
8.633708534802305e-008	5.666349e+000
8.642381034046522e-008	5.572424e+000
8.651251078766843e-008	5.477448e+000
8.660786967458107e-008	5.373396e+000
8.670648652849136e-008	5.260271e+000
8.681084600530107e-008	5.132817e+000
8.692032902382483e-008	4.990692e+000
8.704378277944393e-008	4.816018e+000
8.718392988122113e-008	4.587813e+000
8.735109446265876e-008	4.258620e+000
8.755273239642399e-008	3.790451e+000
8.781545457951006e-008	3.204424e+000
8.816080495562762e-008	2.625511e+000
8.845153026735178e-008	2.262883e+000
8.870951183698457e-008	1.974472e+000
8.900053076734359e-008	1.656057e+000
8.928202155498789e-008	1.349889e+000
8.959590699262365e-008	1.010672e+000
8.991093780187333e-008	6.745834e-001
9.029421508692219e-008	2.742451e-001
9.069421508692137e-008	-1.305201e-001
9.109421508692056e-008	-5.178363e-001
9.149421508691974e-008	-8.833393e-001
9.189421508691892e-008	-1.222758e+000
9.229421508691811e-008	-1.532233e+000
9.269421508691729e-008	-1.810994e+000
9.309421508691647e-008	-2.073249e+000
9.349421508691565e-008	-2.375758e+000
9.389421508691484e-008	-2.753244e+000
9.429421508691402e-008	-3.079956e+000
9.469421508691320e-008	-3.225194e+000
9.509421508691239e-008	-3.212223e+000
9.549421508691157e-008	-3.092513e+000
9.589421508691075e-008	-2.885991e+000
9.629421508690994e-008	-2.601063e+000
9.669421508690912e-008	-2.245067e+000
9.709421508690830e-008	-1.826670e+000
9.749421508690749e-008	-1.384575e+000
9.784974411097335e-008	-1.061164e+000
9.807360034685566e-008	-9.052259e-001
9.826753856570467e-008	-6.999435e-001
9.840118677938429e-008	-4.645264e-001
9.852607626371453e-008	-1.990962e-001
9.866337593006613e-008	9.052888e-002
9.888931477567975e-008	5.248724e-001
9.912248151893913e-008	9.162645e-001
9.940312841969272e-008	1.340948e+000
9.966834484131507e-008	1.730102e+000
9.972421869721447e-008	1.811690e+000
9.983596640901326e-008	1.973546e+000
9.999999999999904e-008	2.214776e+000
