v2	Ix(U1:drainin)
Step Information: V1=2  (Run: 1/4)
0.000000000000000e+000	-2.735644e-007
1.000000000000000e-002	1.659016e-001
2.000000000000000e-002	3.282872e-001
3.000000000000000e-002	4.872537e-001
4.000000000000000e-002	6.428951e-001
5.000000000000000e-002	7.953026e-001
6.000000000000001e-002	9.445648e-001
7.000000000000001e-002	1.090767e+000
8.000000000000000e-002	1.233993e+000
9.000000000000000e-002	1.374322e+000
9.999999999999999e-002	1.513229e+000
1.100000000000000e-001	1.647961e+000
1.200000000000000e-001	1.780023e+000
1.300000000000000e-001	1.909487e+000
1.400000000000000e-001	2.036422e+000
1.500000000000000e-001	2.160894e+000
1.600000000000000e-001	2.282968e+000
1.700000000000000e-001	2.402707e+000
1.800000000000000e-001	2.520172e+000
1.900000000000000e-001	2.635420e+000
2.000000000000000e-001	2.748508e+000
2.100000000000001e-001	2.859493e+000
2.200000000000001e-001	2.968427e+000
2.300000000000001e-001	3.075362e+000
2.400000000000001e-001	3.180349e+000
2.500000000000001e-001	3.283437e+000
2.600000000000001e-001	3.384672e+000
2.700000000000001e-001	3.484100e+000
2.800000000000001e-001	3.581767e+000
2.900000000000001e-001	3.677714e+000
3.000000000000001e-001	3.771985e+000
3.100000000000001e-001	3.864619e+000
3.200000000000001e-001	3.955657e+000
3.300000000000001e-001	4.045136e+000
3.400000000000001e-001	4.133093e+000
3.500000000000001e-001	4.219565e+000
3.600000000000002e-001	4.304587e+000
3.700000000000002e-001	4.388192e+000
3.800000000000002e-001	4.470414e+000
3.900000000000002e-001	4.551285e+000
4.000000000000002e-001	4.630835e+000
4.100000000000002e-001	4.709095e+000
4.200000000000002e-001	4.786095e+000
4.300000000000002e-001	4.861863e+000
4.400000000000002e-001	4.936427e+000
4.500000000000002e-001	5.009813e+000
4.600000000000002e-001	5.082048e+000
4.700000000000003e-001	5.153158e+000
4.800000000000003e-001	5.223167e+000
4.900000000000003e-001	5.292100e+000
5.000000000000002e-001	5.359979e+000
5.100000000000002e-001	5.426828e+000
5.200000000000002e-001	5.492669e+000
5.300000000000003e-001	5.557523e+000
5.400000000000003e-001	5.621411e+000
5.500000000000003e-001	5.684354e+000
5.600000000000003e-001	5.746372e+000
5.700000000000003e-001	5.807485e+000
5.800000000000003e-001	5.867710e+000
5.900000000000003e-001	5.927066e+000
6.000000000000003e-001	5.985571e+000
6.100000000000003e-001	6.043244e+000
6.200000000000003e-001	6.100100e+000
6.300000000000003e-001	6.156156e+000
6.400000000000004e-001	6.211428e+000
6.500000000000004e-001	6.265932e+000
6.600000000000004e-001	6.319683e+000
6.700000000000004e-001	6.372696e+000
6.800000000000004e-001	6.424986e+000
6.900000000000004e-001	6.476567e+000
7.000000000000004e-001	6.527452e+000
7.100000000000004e-001	6.577656e+000
7.200000000000004e-001	6.627191e+000
7.300000000000004e-001	6.676069e+000
7.400000000000004e-001	6.724305e+000
7.500000000000004e-001	6.771909e+000
7.600000000000005e-001	6.818893e+000
7.700000000000005e-001	6.865271e+000
7.800000000000005e-001	6.911051e+000
7.900000000000005e-001	6.956246e+000
8.000000000000005e-001	7.000867e+000
8.100000000000005e-001	7.044924e+000
8.200000000000005e-001	7.088427e+000
8.300000000000005e-001	7.131386e+000
8.400000000000005e-001	7.173812e+000
8.500000000000005e-001	7.215714e+000
8.600000000000005e-001	7.257100e+000
8.700000000000006e-001	7.297981e+000
8.800000000000006e-001	7.338365e+000
8.900000000000006e-001	7.378261e+000
9.000000000000006e-001	7.417678e+000
9.100000000000006e-001	7.456624e+000
9.200000000000006e-001	7.495106e+000
9.300000000000006e-001	7.533134e+000
9.400000000000006e-001	7.570715e+000
9.500000000000006e-001	7.607856e+000
9.600000000000006e-001	7.644566e+000
9.700000000000006e-001	7.680850e+000
9.800000000000007e-001	7.716717e+000
9.900000000000007e-001	7.752173e+000
1.000000000000001e+000	7.787226e+000
1.010000000000001e+000	7.821882e+000
1.020000000000001e+000	7.856147e+000
1.030000000000001e+000	7.890028e+000
1.040000000000001e+000	7.923531e+000
1.050000000000001e+000	7.956662e+000
1.060000000000001e+000	7.989428e+000
1.070000000000001e+000	8.021834e+000
1.080000000000001e+000	8.053886e+000
1.090000000000001e+000	8.085589e+000
1.100000000000001e+000	8.116950e+000
1.110000000000001e+000	8.147974e+000
1.120000000000001e+000	8.178665e+000
1.130000000000001e+000	8.209029e+000
1.140000000000001e+000	8.239071e+000
1.150000000000001e+000	8.268797e+000
1.160000000000001e+000	8.298210e+000
1.170000000000001e+000	8.327316e+000
1.180000000000001e+000	8.356120e+000
1.190000000000001e+000	8.384625e+000
1.200000000000001e+000	8.412838e+000
1.210000000000001e+000	8.440762e+000
1.220000000000001e+000	8.468400e+000
1.230000000000001e+000	8.495758e+000
1.240000000000001e+000	8.522840e+000
1.250000000000001e+000	8.549650e+000
1.260000000000001e+000	8.576192e+000
1.270000000000001e+000	8.602469e+000
1.280000000000001e+000	8.628487e+000
1.290000000000001e+000	8.654247e+000
1.300000000000001e+000	8.679755e+000
1.310000000000001e+000	8.705013e+000
1.320000000000001e+000	8.730026e+000
1.330000000000001e+000	8.754797e+000
1.340000000000001e+000	8.779328e+000
1.350000000000001e+000	8.803625e+000
1.360000000000001e+000	8.827689e+000
1.370000000000001e+000	8.851525e+000
1.380000000000001e+000	8.875135e+000
1.390000000000001e+000	8.898523e+000
1.400000000000001e+000	8.921691e+000
1.410000000000001e+000	8.944643e+000
1.420000000000001e+000	8.967381e+000
1.430000000000001e+000	8.989910e+000
1.440000000000001e+000	9.012230e+000
1.450000000000001e+000	9.034346e+000
1.460000000000001e+000	9.056260e+000
1.470000000000001e+000	9.077974e+000
1.480000000000001e+000	9.099492e+000
1.490000000000001e+000	9.120815e+000
1.500000000000001e+000	9.141948e+000
1.510000000000001e+000	9.162891e+000
1.520000000000001e+000	9.183648e+000
1.530000000000001e+000	9.204221e+000
1.540000000000001e+000	9.224612e+000
1.550000000000001e+000	9.244824e+000
1.560000000000001e+000	9.264859e+000
1.570000000000001e+000	9.284719e+000
1.580000000000001e+000	9.304408e+000
1.590000000000001e+000	9.323926e+000
1.600000000000001e+000	9.343276e+000
1.610000000000001e+000	9.362460e+000
1.620000000000001e+000	9.381480e+000
1.630000000000001e+000	9.400338e+000
1.640000000000001e+000	9.419038e+000
1.650000000000001e+000	9.437578e+000
1.660000000000001e+000	9.455964e+000
1.670000000000001e+000	9.474195e+000
1.680000000000001e+000	9.492275e+000
1.690000000000001e+000	9.510204e+000
1.700000000000001e+000	9.527987e+000
1.710000000000001e+000	9.545621e+000
1.720000000000001e+000	9.563111e+000
1.730000000000001e+000	9.580459e+000
1.740000000000001e+000	9.597665e+000
1.750000000000001e+000	9.614732e+000
1.760000000000001e+000	9.631661e+000
1.770000000000001e+000	9.648454e+000
1.780000000000001e+000	9.665112e+000
1.790000000000001e+000	9.681638e+000
1.800000000000001e+000	9.698031e+000
1.810000000000001e+000	9.714296e+000
1.820000000000001e+000	9.730433e+000
1.830000000000001e+000	9.746441e+000
1.840000000000001e+000	9.762325e+000
1.850000000000001e+000	9.778085e+000
1.860000000000001e+000	9.793722e+000
1.870000000000001e+000	9.809238e+000
1.880000000000001e+000	9.824636e+000
1.890000000000002e+000	9.839913e+000
1.900000000000002e+000	9.855075e+000
1.910000000000002e+000	9.870121e+000
1.920000000000002e+000	9.885053e+000
1.930000000000002e+000	9.899871e+000
1.940000000000002e+000	9.914577e+000
1.950000000000002e+000	9.929173e+000
1.960000000000002e+000	9.943661e+000
1.970000000000002e+000	9.958039e+000
1.980000000000002e+000	9.972311e+000
1.990000000000002e+000	9.986477e+000
2.000000000000001e+000	1.000054e+001
2.010000000000001e+000	1.001450e+001
2.020000000000001e+000	1.002835e+001
2.030000000000001e+000	1.004211e+001
2.040000000000001e+000	1.005576e+001
2.050000000000000e+000	1.006932e+001
2.060000000000000e+000	1.008277e+001
2.070000000000000e+000	1.009614e+001
2.080000000000000e+000	1.010940e+001
2.089999999999999e+000	1.012257e+001
2.099999999999999e+000	1.013565e+001
2.109999999999999e+000	1.014863e+001
2.119999999999999e+000	1.016152e+001
2.129999999999999e+000	1.017432e+001
2.139999999999998e+000	1.018703e+001
2.149999999999998e+000	1.019965e+001
2.159999999999998e+000	1.021219e+001
2.169999999999998e+000	1.022463e+001
2.179999999999998e+000	1.023699e+001
2.189999999999997e+000	1.024927e+001
2.199999999999997e+000	1.026146e+001
2.209999999999997e+000	1.027356e+001
2.219999999999997e+000	1.028559e+001
2.229999999999996e+000	1.029753e+001
2.239999999999996e+000	1.030939e+001
2.249999999999996e+000	1.032117e+001
2.259999999999996e+000	1.033287e+001
2.269999999999996e+000	1.034449e+001
2.279999999999995e+000	1.035603e+001
2.289999999999995e+000	1.036750e+001
2.299999999999995e+000	1.037889e+001
2.309999999999995e+000	1.039020e+001
2.319999999999995e+000	1.040144e+001
2.329999999999994e+000	1.041261e+001
2.339999999999994e+000	1.042370e+001
2.349999999999994e+000	1.043472e+001
2.359999999999994e+000	1.044567e+001
2.369999999999993e+000	1.045654e+001
2.379999999999993e+000	1.046735e+001
2.389999999999993e+000	1.047808e+001
2.399999999999993e+000	1.048875e+001
2.409999999999993e+000	1.049935e+001
2.419999999999992e+000	1.050988e+001
2.429999999999992e+000	1.052034e+001
2.439999999999992e+000	1.053074e+001
2.449999999999992e+000	1.054106e+001
2.459999999999992e+000	1.055133e+001
2.469999999999991e+000	1.056153e+001
2.479999999999991e+000	1.057166e+001
2.489999999999991e+000	1.058173e+001
2.499999999999991e+000	1.059174e+001
2.509999999999991e+000	1.060169e+001
2.519999999999990e+000	1.061157e+001
2.529999999999990e+000	1.062140e+001
2.539999999999990e+000	1.063116e+001
2.549999999999990e+000	1.064086e+001
2.559999999999989e+000	1.065050e+001
2.569999999999989e+000	1.066009e+001
2.579999999999989e+000	1.066961e+001
2.589999999999989e+000	1.067908e+001
2.599999999999989e+000	1.068849e+001
2.609999999999988e+000	1.069784e+001
2.619999999999988e+000	1.070714e+001
2.629999999999988e+000	1.071638e+001
2.639999999999988e+000	1.072556e+001
2.649999999999988e+000	1.073469e+001
2.659999999999987e+000	1.074376e+001
2.669999999999987e+000	1.075279e+001
2.679999999999987e+000	1.076175e+001
2.689999999999987e+000	1.077067e+001
2.699999999999986e+000	1.077953e+001
2.709999999999986e+000	1.078834e+001
2.719999999999986e+000	1.079710e+001
2.729999999999986e+000	1.080581e+001
2.739999999999986e+000	1.081446e+001
2.749999999999985e+000	1.082307e+001
2.759999999999985e+000	1.083163e+001
2.769999999999985e+000	1.084013e+001
2.779999999999985e+000	1.084859e+001
2.789999999999985e+000	1.085700e+001
2.799999999999984e+000	1.086536e+001
2.809999999999984e+000	1.087368e+001
2.819999999999984e+000	1.088194e+001
2.829999999999984e+000	1.089016e+001
2.839999999999983e+000	1.089834e+001
2.849999999999983e+000	1.090646e+001
2.859999999999983e+000	1.091454e+001
2.869999999999983e+000	1.092258e+001
2.879999999999983e+000	1.093057e+001
2.889999999999982e+000	1.093851e+001
2.899999999999982e+000	1.094642e+001
2.909999999999982e+000	1.095427e+001
2.919999999999982e+000	1.096209e+001
2.929999999999982e+000	1.096986e+001
2.939999999999981e+000	1.097759e+001
2.949999999999981e+000	1.098527e+001
2.959999999999981e+000	1.099292e+001
2.969999999999981e+000	1.100052e+001
2.979999999999980e+000	1.100808e+001
2.989999999999980e+000	1.101560e+001
3.000000000000000e+000	1.102307e+001
Step Information: V1=3  (Run: 2/4)
0.000000000000000e+000	-7.969467e-007
1.000000000000000e-002	6.419525e-001
2.000000000000000e-002	1.278645e+000
3.000000000000000e-002	1.910090e+000
4.000000000000000e-002	2.536303e+000
5.000000000000000e-002	3.159903e+000
6.000000000000001e-002	3.775700e+000
7.000000000000001e-002	4.386296e+000
8.000000000000000e-002	4.991723e+000
9.000000000000000e-002	5.591998e+000
9.999999999999999e-002	6.187140e+000
1.100000000000000e-001	6.777168e+000
1.200000000000000e-001	7.362103e+000
1.300000000000000e-001	7.941965e+000
1.400000000000000e-001	8.516775e+000
1.500000000000000e-001	9.086557e+000
1.600000000000000e-001	9.651332e+000
1.700000000000000e-001	1.021112e+001
1.800000000000000e-001	1.076596e+001
1.900000000000000e-001	1.131585e+001
2.000000000000000e-001	1.186084e+001
2.100000000000001e-001	1.240095e+001
2.200000000000001e-001	1.293619e+001
2.300000000000001e-001	1.346661e+001
2.400000000000001e-001	1.399222e+001
2.500000000000001e-001	1.451305e+001
2.600000000000001e-001	1.502914e+001
2.700000000000001e-001	1.554051e+001
2.800000000000001e-001	1.604719e+001
2.900000000000001e-001	1.654920e+001
3.000000000000001e-001	1.704659e+001
3.100000000000001e-001	1.753938e+001
3.200000000000001e-001	1.802759e+001
3.300000000000001e-001	1.851126e+001
3.400000000000001e-001	1.899043e+001
3.500000000000001e-001	1.946512e+001
3.600000000000002e-001	1.993537e+001
3.700000000000002e-001	2.040121e+001
3.800000000000002e-001	2.086266e+001
3.900000000000002e-001	2.131977e+001
4.000000000000002e-001	2.177256e+001
4.100000000000002e-001	2.222107e+001
4.200000000000002e-001	2.266533e+001
4.300000000000002e-001	2.310538e+001
4.400000000000002e-001	2.354125e+001
4.500000000000002e-001	2.397297e+001
4.600000000000002e-001	2.440057e+001
4.700000000000003e-001	2.482409e+001
4.800000000000003e-001	2.524357e+001
4.900000000000003e-001	2.565904e+001
5.000000000000002e-001	2.607053e+001
5.100000000000002e-001	2.647808e+001
5.200000000000002e-001	2.688171e+001
5.300000000000003e-001	2.728147e+001
5.400000000000003e-001	2.767739e+001
5.500000000000003e-001	2.806951e+001
5.600000000000003e-001	2.845785e+001
5.700000000000003e-001	2.884246e+001
5.800000000000003e-001	2.922336e+001
5.900000000000003e-001	2.960060e+001
6.000000000000003e-001	2.997419e+001
6.100000000000003e-001	3.034419e+001
6.200000000000003e-001	3.071062e+001
6.300000000000003e-001	3.107352e+001
6.400000000000004e-001	3.143292e+001
6.500000000000004e-001	3.178885e+001
6.600000000000004e-001	3.214135e+001
6.700000000000004e-001	3.249046e+001
6.800000000000004e-001	3.283619e+001
6.900000000000004e-001	3.317860e+001
7.000000000000004e-001	3.351771e+001
7.100000000000004e-001	3.385355e+001
7.200000000000004e-001	3.418616e+001
7.300000000000004e-001	3.451557e+001
7.400000000000004e-001	3.484181e+001
7.500000000000004e-001	3.516491e+001
7.600000000000005e-001	3.548492e+001
7.700000000000005e-001	3.580185e+001
7.800000000000005e-001	3.611574e+001
7.900000000000005e-001	3.642662e+001
8.000000000000005e-001	3.673452e+001
8.100000000000005e-001	3.703948e+001
8.200000000000005e-001	3.734153e+001
8.300000000000005e-001	3.764069e+001
8.400000000000005e-001	3.793699e+001
8.500000000000005e-001	3.823047e+001
8.600000000000005e-001	3.852116e+001
8.700000000000006e-001	3.880908e+001
8.800000000000006e-001	3.909427e+001
8.900000000000006e-001	3.937675e+001
9.000000000000006e-001	3.965656e+001
9.100000000000006e-001	3.993372e+001
9.200000000000006e-001	4.020826e+001
9.300000000000006e-001	4.048020e+001
9.400000000000006e-001	4.074959e+001
9.500000000000006e-001	4.101644e+001
9.600000000000006e-001	4.128078e+001
9.700000000000006e-001	4.154265e+001
9.800000000000007e-001	4.180206e+001
9.900000000000007e-001	4.205904e+001
1.000000000000001e+000	4.231363e+001
1.010000000000001e+000	4.256584e+001
1.020000000000001e+000	4.281571e+001
1.030000000000001e+000	4.306325e+001
1.040000000000001e+000	4.330850e+001
1.050000000000001e+000	4.355148e+001
1.060000000000001e+000	4.379221e+001
1.070000000000001e+000	4.403072e+001
1.080000000000001e+000	4.426704e+001
1.090000000000001e+000	4.450119e+001
1.100000000000001e+000	4.473318e+001
1.110000000000001e+000	4.496306e+001
1.120000000000001e+000	4.519083e+001
1.130000000000001e+000	4.541653e+001
1.140000000000001e+000	4.564017e+001
1.150000000000001e+000	4.586179e+001
1.160000000000001e+000	4.608139e+001
1.170000000000001e+000	4.629901e+001
1.180000000000001e+000	4.651466e+001
1.190000000000001e+000	4.672837e+001
1.200000000000001e+000	4.694017e+001
1.210000000000001e+000	4.715006e+001
1.220000000000001e+000	4.735807e+001
1.230000000000001e+000	4.756423e+001
1.240000000000001e+000	4.776855e+001
1.250000000000001e+000	4.797105e+001
1.260000000000001e+000	4.817176e+001
1.270000000000001e+000	4.837070e+001
1.280000000000001e+000	4.856787e+001
1.290000000000001e+000	4.876331e+001
1.300000000000001e+000	4.895704e+001
1.310000000000001e+000	4.914906e+001
1.320000000000001e+000	4.933941e+001
1.330000000000001e+000	4.952809e+001
1.340000000000001e+000	4.971513e+001
1.350000000000001e+000	4.990055e+001
1.360000000000001e+000	5.008436e+001
1.370000000000001e+000	5.026658e+001
1.380000000000001e+000	5.044724e+001
1.390000000000001e+000	5.062634e+001
1.400000000000001e+000	5.080390e+001
1.410000000000001e+000	5.097994e+001
1.420000000000001e+000	5.115448e+001
1.430000000000001e+000	5.132753e+001
1.440000000000001e+000	5.149912e+001
1.450000000000001e+000	5.166925e+001
1.460000000000001e+000	5.183794e+001
1.470000000000001e+000	5.200521e+001
1.480000000000001e+000	5.217107e+001
1.490000000000001e+000	5.233555e+001
1.500000000000001e+000	5.249865e+001
1.510000000000001e+000	5.266038e+001
1.520000000000001e+000	5.282077e+001
1.530000000000001e+000	5.297983e+001
1.540000000000001e+000	5.313757e+001
1.550000000000001e+000	5.329401e+001
1.560000000000001e+000	5.344917e+001
1.570000000000001e+000	5.360304e+001
1.580000000000001e+000	5.375566e+001
1.590000000000001e+000	5.390703e+001
1.600000000000001e+000	5.405716e+001
1.610000000000001e+000	5.420608e+001
1.620000000000001e+000	5.435379e+001
1.630000000000001e+000	5.450030e+001
1.640000000000001e+000	5.464563e+001
1.650000000000001e+000	5.478979e+001
1.660000000000001e+000	5.493280e+001
1.670000000000001e+000	5.507467e+001
1.680000000000001e+000	5.521540e+001
1.690000000000001e+000	5.535501e+001
1.700000000000001e+000	5.549352e+001
1.710000000000001e+000	5.563092e+001
1.720000000000001e+000	5.576725e+001
1.730000000000001e+000	5.590250e+001
1.740000000000001e+000	5.603668e+001
1.750000000000001e+000	5.616982e+001
1.760000000000001e+000	5.630192e+001
1.770000000000001e+000	5.643299e+001
1.780000000000001e+000	5.656304e+001
1.790000000000001e+000	5.669209e+001
1.800000000000001e+000	5.682014e+001
1.810000000000001e+000	5.694720e+001
1.820000000000001e+000	5.707328e+001
1.830000000000001e+000	5.719841e+001
1.840000000000001e+000	5.732257e+001
1.850000000000001e+000	5.744579e+001
1.860000000000001e+000	5.756807e+001
1.870000000000001e+000	5.768943e+001
1.880000000000001e+000	5.780987e+001
1.890000000000002e+000	5.792940e+001
1.900000000000002e+000	5.804803e+001
1.910000000000002e+000	5.816578e+001
1.920000000000002e+000	5.828264e+001
1.930000000000002e+000	5.839863e+001
1.940000000000002e+000	5.851376e+001
1.950000000000002e+000	5.862804e+001
1.960000000000002e+000	5.874147e+001
1.970000000000002e+000	5.885407e+001
1.980000000000002e+000	5.896584e+001
1.990000000000002e+000	5.907679e+001
2.000000000000001e+000	5.918693e+001
2.010000000000001e+000	5.929626e+001
2.020000000000001e+000	5.940480e+001
2.030000000000001e+000	5.951255e+001
2.040000000000001e+000	5.961953e+001
2.050000000000000e+000	5.972573e+001
2.060000000000000e+000	5.983117e+001
2.070000000000000e+000	5.993585e+001
2.080000000000000e+000	6.003978e+001
2.089999999999999e+000	6.014297e+001
2.099999999999999e+000	6.024543e+001
2.109999999999999e+000	6.034716e+001
2.119999999999999e+000	6.044817e+001
2.129999999999999e+000	6.054847e+001
2.139999999999998e+000	6.064806e+001
2.149999999999998e+000	6.074696e+001
2.159999999999998e+000	6.084516e+001
2.169999999999998e+000	6.094268e+001
2.179999999999998e+000	6.103951e+001
2.189999999999997e+000	6.113568e+001
2.199999999999997e+000	6.123118e+001
2.209999999999997e+000	6.132602e+001
2.219999999999997e+000	6.142020e+001
2.229999999999996e+000	6.151374e+001
2.239999999999996e+000	6.160664e+001
2.249999999999996e+000	6.169891e+001
2.259999999999996e+000	6.179055e+001
2.269999999999996e+000	6.188156e+001
2.279999999999995e+000	6.197196e+001
2.289999999999995e+000	6.206175e+001
2.299999999999995e+000	6.215093e+001
2.309999999999995e+000	6.223951e+001
2.319999999999995e+000	6.232750e+001
2.329999999999994e+000	6.241490e+001
2.339999999999994e+000	6.250172e+001
2.349999999999994e+000	6.258796e+001
2.359999999999994e+000	6.267363e+001
2.369999999999993e+000	6.275874e+001
2.379999999999993e+000	6.284328e+001
2.389999999999993e+000	6.292727e+001
2.399999999999993e+000	6.301070e+001
2.409999999999993e+000	6.309359e+001
2.419999999999992e+000	6.317594e+001
2.429999999999992e+000	6.325775e+001
2.439999999999992e+000	6.333903e+001
2.449999999999992e+000	6.341979e+001
2.459999999999992e+000	6.350002e+001
2.469999999999991e+000	6.357974e+001
2.479999999999991e+000	6.365895e+001
2.489999999999991e+000	6.373764e+001
2.499999999999991e+000	6.381584e+001
2.509999999999991e+000	6.389354e+001
2.519999999999990e+000	6.397075e+001
2.529999999999990e+000	6.404746e+001
2.539999999999990e+000	6.412369e+001
2.549999999999990e+000	6.419944e+001
2.559999999999989e+000	6.427471e+001
2.569999999999989e+000	6.434951e+001
2.579999999999989e+000	6.442384e+001
2.589999999999989e+000	6.449772e+001
2.599999999999989e+000	6.457113e+001
2.609999999999988e+000	6.464408e+001
2.619999999999988e+000	6.471658e+001
2.629999999999988e+000	6.478864e+001
2.639999999999988e+000	6.486025e+001
2.649999999999988e+000	6.493143e+001
2.659999999999987e+000	6.500216e+001
2.669999999999987e+000	6.507246e+001
2.679999999999987e+000	6.514234e+001
2.689999999999987e+000	6.521179e+001
2.699999999999986e+000	6.528082e+001
2.709999999999986e+000	6.534943e+001
2.719999999999986e+000	6.541763e+001
2.729999999999986e+000	6.548542e+001
2.739999999999986e+000	6.555280e+001
2.749999999999985e+000	6.561978e+001
2.759999999999985e+000	6.568636e+001
2.769999999999985e+000	6.575254e+001
2.779999999999985e+000	6.581833e+001
2.789999999999985e+000	6.588373e+001
2.799999999999984e+000	6.594874e+001
2.809999999999984e+000	6.601337e+001
2.819999999999984e+000	6.607761e+001
2.829999999999984e+000	6.614149e+001
2.839999999999983e+000	6.620499e+001
2.849999999999983e+000	6.626811e+001
2.859999999999983e+000	6.633087e+001
2.869999999999983e+000	6.639326e+001
2.879999999999983e+000	6.645530e+001
2.889999999999982e+000	6.651698e+001
2.899999999999982e+000	6.657830e+001
2.909999999999982e+000	6.663927e+001
2.919999999999982e+000	6.669988e+001
2.929999999999982e+000	6.676015e+001
2.939999999999981e+000	6.682008e+001
2.949999999999981e+000	6.687967e+001
2.959999999999981e+000	6.693892e+001
2.969999999999981e+000	6.699783e+001
2.979999999999980e+000	6.705641e+001
2.989999999999980e+000	6.711466e+001
3.000000000000000e+000	6.717258e+001
Step Information: V1=4  (Run: 3/4)
0.000000000000000e+000	-2.801888e-006
1.000000000000000e-002	8.702431e-001
2.000000000000000e-002	1.738781e+000
3.000000000000000e-002	2.602192e+000
4.000000000000000e-002	3.462154e+000
5.000000000000000e-002	4.318666e+000
6.000000000000001e-002	5.171716e+000
7.000000000000001e-002	6.021295e+000
8.000000000000000e-002	6.867393e+000
9.000000000000000e-002	7.710002e+000
9.999999999999999e-002	8.549112e+000
1.100000000000000e-001	9.384714e+000
1.200000000000000e-001	1.021680e+001
1.300000000000000e-001	1.104536e+001
1.400000000000000e-001	1.187038e+001
1.500000000000000e-001	1.269186e+001
1.600000000000000e-001	1.350980e+001
1.700000000000000e-001	1.432417e+001
1.800000000000000e-001	1.513499e+001
1.900000000000000e-001	1.594223e+001
2.000000000000000e-001	1.674589e+001
2.100000000000001e-001	1.754596e+001
2.200000000000001e-001	1.834245e+001
2.300000000000001e-001	1.913533e+001
2.400000000000001e-001	1.992462e+001
2.500000000000001e-001	2.071029e+001
2.600000000000001e-001	2.149235e+001
2.700000000000001e-001	2.227079e+001
2.800000000000001e-001	2.304561e+001
2.900000000000001e-001	2.381680e+001
3.000000000000001e-001	2.458435e+001
3.100000000000001e-001	2.534827e+001
3.200000000000001e-001	2.610855e+001
3.300000000000001e-001	2.686518e+001
3.400000000000001e-001	2.761817e+001
3.500000000000001e-001	2.836751e+001
3.600000000000002e-001	2.911320e+001
3.700000000000002e-001	2.985523e+001
3.800000000000002e-001	3.059361e+001
3.900000000000002e-001	3.132833e+001
4.000000000000002e-001	3.205939e+001
4.100000000000002e-001	3.278679e+001
4.200000000000002e-001	3.351052e+001
4.300000000000002e-001	3.423060e+001
4.400000000000002e-001	3.494702e+001
4.500000000000002e-001	3.565977e+001
4.600000000000002e-001	3.636886e+001
4.700000000000003e-001	3.707429e+001
4.800000000000003e-001	3.777606e+001
4.900000000000003e-001	3.847417e+001
5.000000000000002e-001	3.916863e+001
5.100000000000002e-001	3.985943e+001
5.200000000000002e-001	4.054658e+001
5.300000000000003e-001	4.123007e+001
5.400000000000003e-001	4.190992e+001
5.500000000000003e-001	4.258612e+001
5.600000000000003e-001	4.325868e+001
5.700000000000003e-001	4.392760e+001
5.800000000000003e-001	4.459288e+001
5.900000000000003e-001	4.525454e+001
6.000000000000003e-001	4.591256e+001
6.100000000000003e-001	4.656697e+001
6.200000000000003e-001	4.721775e+001
6.300000000000003e-001	4.786493e+001
6.400000000000004e-001	4.850850e+001
6.500000000000004e-001	4.914846e+001
6.600000000000004e-001	4.978483e+001
6.700000000000004e-001	5.041761e+001
6.800000000000004e-001	5.104681e+001
6.900000000000004e-001	5.167243e+001
7.000000000000004e-001	5.229448e+001
7.100000000000004e-001	5.291297e+001
7.200000000000004e-001	5.352791e+001
7.300000000000004e-001	5.413930e+001
7.400000000000004e-001	5.474715e+001
7.500000000000004e-001	5.535147e+001
7.600000000000005e-001	5.595226e+001
7.700000000000005e-001	5.654954e+001
7.800000000000005e-001	5.714332e+001
7.900000000000005e-001	5.773360e+001
8.000000000000005e-001	5.832040e+001
8.100000000000005e-001	5.890371e+001
8.200000000000005e-001	5.948356e+001
8.300000000000005e-001	6.005996e+001
8.400000000000005e-001	6.063290e+001
8.500000000000005e-001	6.120241e+001
8.600000000000005e-001	6.176849e+001
8.700000000000006e-001	6.233115e+001
8.800000000000006e-001	6.289042e+001
8.900000000000006e-001	6.344629e+001
9.000000000000006e-001	6.399877e+001
9.100000000000006e-001	6.454789e+001
9.200000000000006e-001	6.509365e+001
9.300000000000006e-001	6.563605e+001
9.400000000000006e-001	6.617513e+001
9.500000000000006e-001	6.671089e+001
9.600000000000006e-001	6.724333e+001
9.700000000000006e-001	6.777248e+001
9.800000000000007e-001	6.829834e+001
9.900000000000007e-001	6.882093e+001
1.000000000000001e+000	6.934026e+001
1.010000000000001e+000	6.985635e+001
1.020000000000001e+000	7.036921e+001
1.030000000000001e+000	7.087885e+001
1.040000000000001e+000	7.138528e+001
1.050000000000001e+000	7.188852e+001
1.060000000000001e+000	7.238858e+001
1.070000000000001e+000	7.288548e+001
1.080000000000001e+000	7.337923e+001
1.090000000000001e+000	7.386985e+001
1.100000000000001e+000	7.435735e+001
1.110000000000001e+000	7.484173e+001
1.120000000000001e+000	7.532303e+001
1.130000000000001e+000	7.580125e+001
1.140000000000001e+000	7.627641e+001
1.150000000000001e+000	7.674852e+001
1.160000000000001e+000	7.721761e+001
1.170000000000001e+000	7.768367e+001
1.180000000000001e+000	7.814673e+001
1.190000000000001e+000	7.860680e+001
1.200000000000001e+000	7.906390e+001
1.210000000000001e+000	7.951805e+001
1.220000000000001e+000	7.996926e+001
1.230000000000001e+000	8.041754e+001
1.240000000000001e+000	8.086291e+001
1.250000000000001e+000	8.130539e+001
1.260000000000001e+000	8.174499e+001
1.270000000000001e+000	8.218172e+001
1.280000000000001e+000	8.261561e+001
1.290000000000001e+000	8.304667e+001
1.300000000000001e+000	8.347491e+001
1.310000000000001e+000	8.390035e+001
1.320000000000001e+000	8.432301e+001
1.330000000000001e+000	8.474290e+001
1.340000000000001e+000	8.516004e+001
1.350000000000001e+000	8.557444e+001
1.360000000000001e+000	8.598612e+001
1.370000000000001e+000	8.639510e+001
1.380000000000001e+000	8.680140e+001
1.390000000000001e+000	8.720502e+001
1.400000000000001e+000	8.760598e+001
1.410000000000001e+000	8.800430e+001
1.420000000000001e+000	8.840000e+001
1.430000000000001e+000	8.879310e+001
1.440000000000001e+000	8.918360e+001
1.450000000000001e+000	8.957153e+001
1.460000000000001e+000	8.995689e+001
1.470000000000001e+000	9.033971e+001
1.480000000000001e+000	9.072002e+001
1.490000000000001e+000	9.109780e+001
1.500000000000001e+000	9.147308e+001
1.510000000000001e+000	9.184589e+001
1.520000000000001e+000	9.221624e+001
1.530000000000001e+000	9.258414e+001
1.540000000000001e+000	9.294961e+001
1.550000000000001e+000	9.331266e+001
1.560000000000001e+000	9.367331e+001
1.570000000000001e+000	9.403158e+001
1.580000000000001e+000	9.438748e+001
1.590000000000001e+000	9.474103e+001
1.600000000000001e+000	9.509224e+001
1.610000000000001e+000	9.544112e+001
1.620000000000001e+000	9.578770e+001
1.630000000000001e+000	9.613200e+001
1.640000000000001e+000	9.647401e+001
1.650000000000001e+000	9.681377e+001
1.660000000000001e+000	9.715129e+001
1.670000000000001e+000	9.748658e+001
1.680000000000001e+000	9.781966e+001
1.690000000000001e+000	9.815053e+001
1.700000000000001e+000	9.847923e+001
1.710000000000001e+000	9.880576e+001
1.720000000000001e+000	9.913013e+001
1.730000000000001e+000	9.945236e+001
1.740000000000001e+000	9.977248e+001
1.750000000000001e+000	1.000905e+002
1.760000000000001e+000	1.004064e+002
1.770000000000001e+000	1.007202e+002
1.780000000000001e+000	1.010320e+002
1.790000000000001e+000	1.013418e+002
1.800000000000001e+000	1.016494e+002
1.810000000000001e+000	1.019551e+002
1.820000000000001e+000	1.022588e+002
1.830000000000001e+000	1.025605e+002
1.840000000000001e+000	1.028602e+002
1.850000000000001e+000	1.031579e+002
1.860000000000001e+000	1.034537e+002
1.870000000000001e+000	1.037476e+002
1.880000000000001e+000	1.040395e+002
1.890000000000002e+000	1.043296e+002
1.900000000000002e+000	1.046177e+002
1.910000000000002e+000	1.049040e+002
1.920000000000002e+000	1.051884e+002
1.930000000000002e+000	1.054710e+002
1.940000000000002e+000	1.057517e+002
1.950000000000002e+000	1.060306e+002
1.960000000000002e+000	1.063077e+002
1.970000000000002e+000	1.065830e+002
1.980000000000002e+000	1.068565e+002
1.990000000000002e+000	1.071282e+002
2.000000000000001e+000	1.073982e+002
2.010000000000001e+000	1.076665e+002
2.020000000000001e+000	1.079330e+002
2.030000000000001e+000	1.081978e+002
2.040000000000001e+000	1.084609e+002
2.050000000000000e+000	1.087223e+002
2.060000000000000e+000	1.089820e+002
2.070000000000000e+000	1.092400e+002
2.080000000000000e+000	1.094965e+002
2.089999999999999e+000	1.097512e+002
2.099999999999999e+000	1.100043e+002
2.109999999999999e+000	1.102559e+002
2.119999999999999e+000	1.105058e+002
2.129999999999999e+000	1.107541e+002
2.139999999999998e+000	1.110008e+002
2.149999999999998e+000	1.112460e+002
2.159999999999998e+000	1.114896e+002
2.169999999999998e+000	1.117317e+002
2.179999999999998e+000	1.119722e+002
2.189999999999997e+000	1.122112e+002
2.199999999999997e+000	1.124487e+002
2.209999999999997e+000	1.126847e+002
2.219999999999997e+000	1.129192e+002
2.229999999999996e+000	1.131523e+002
2.239999999999996e+000	1.133839e+002
2.249999999999996e+000	1.136140e+002
2.259999999999996e+000	1.138427e+002
2.269999999999996e+000	1.140699e+002
2.279999999999995e+000	1.142957e+002
2.289999999999995e+000	1.145201e+002
2.299999999999995e+000	1.147432e+002
2.309999999999995e+000	1.149648e+002
2.319999999999995e+000	1.151851e+002
2.329999999999994e+000	1.154039e+002
2.339999999999994e+000	1.156215e+002
2.349999999999994e+000	1.158376e+002
2.359999999999994e+000	1.160525e+002
2.369999999999993e+000	1.162660e+002
2.379999999999993e+000	1.164782e+002
2.389999999999993e+000	1.166891e+002
2.399999999999993e+000	1.168987e+002
2.409999999999993e+000	1.171070e+002
2.419999999999992e+000	1.173141e+002
2.429999999999992e+000	1.175198e+002
2.439999999999992e+000	1.177243e+002
2.449999999999992e+000	1.179276e+002
2.459999999999992e+000	1.181296e+002
2.469999999999991e+000	1.183305e+002
2.479999999999991e+000	1.185300e+002
2.489999999999991e+000	1.187284e+002
2.499999999999991e+000	1.189256e+002
2.509999999999991e+000	1.191216e+002
2.519999999999990e+000	1.193164e+002
2.529999999999990e+000	1.195100e+002
2.539999999999990e+000	1.197024e+002
2.549999999999990e+000	1.198938e+002
2.559999999999989e+000	1.200839e+002
2.569999999999989e+000	1.202729e+002
2.579999999999989e+000	1.204608e+002
2.589999999999989e+000	1.206476e+002
2.599999999999989e+000	1.208333e+002
2.609999999999988e+000	1.210178e+002
2.619999999999988e+000	1.212013e+002
2.629999999999988e+000	1.213836e+002
2.639999999999988e+000	1.215649e+002
2.649999999999988e+000	1.217452e+002
2.659999999999987e+000	1.219243e+002
2.669999999999987e+000	1.221024e+002
2.679999999999987e+000	1.222795e+002
2.689999999999987e+000	1.224555e+002
2.699999999999986e+000	1.226305e+002
2.709999999999986e+000	1.228045e+002
2.719999999999986e+000	1.229774e+002
2.729999999999986e+000	1.231494e+002
2.739999999999986e+000	1.233203e+002
2.749999999999985e+000	1.234903e+002
2.759999999999985e+000	1.236592e+002
2.769999999999985e+000	1.238272e+002
2.779999999999985e+000	1.239942e+002
2.789999999999985e+000	1.241603e+002
2.799999999999984e+000	1.243254e+002
2.809999999999984e+000	1.244896e+002
2.819999999999984e+000	1.246528e+002
2.829999999999984e+000	1.248150e+002
2.839999999999983e+000	1.249764e+002
2.849999999999983e+000	1.251368e+002
2.859999999999983e+000	1.252963e+002
2.869999999999983e+000	1.254549e+002
2.879999999999983e+000	1.256126e+002
2.889999999999982e+000	1.257695e+002
2.899999999999982e+000	1.259254e+002
2.909999999999982e+000	1.260804e+002
2.919999999999982e+000	1.262346e+002
2.929999999999982e+000	1.263879e+002
2.939999999999981e+000	1.265404e+002
2.949999999999981e+000	1.266920e+002
2.959999999999981e+000	1.268427e+002
2.969999999999981e+000	1.269926e+002
2.979999999999980e+000	1.271417e+002
2.989999999999980e+000	1.272899e+002
3.000000000000000e+000	1.274373e+002
Step Information: V1=5  (Run: 4/4)
0.000000000000000e+000	-3.327591e-005
1.000000000000000e-002	9.984354e-001
2.000000000000000e-002	1.995808e+000
3.000000000000000e-002	2.989887e+000
4.000000000000000e-002	3.981746e+000
5.000000000000000e-002	4.971383e+000
6.000000000000001e-002	5.958787e+000
7.000000000000001e-002	6.943949e+000
8.000000000000000e-002	7.926859e+000
9.000000000000000e-002	8.907510e+000
9.999999999999999e-002	9.885890e+000
1.100000000000000e-001	1.086199e+001
1.200000000000000e-001	1.183580e+001
1.300000000000000e-001	1.280732e+001
1.400000000000000e-001	1.377653e+001
1.500000000000000e-001	1.474342e+001
1.600000000000000e-001	1.570799e+001
1.700000000000000e-001	1.667022e+001
1.800000000000000e-001	1.763012e+001
1.900000000000000e-001	1.858765e+001
2.000000000000000e-001	1.954284e+001
2.100000000000001e-001	2.049564e+001
2.200000000000001e-001	2.144608e+001
2.300000000000001e-001	2.239412e+001
2.400000000000001e-001	2.333977e+001
2.500000000000001e-001	2.428301e+001
2.600000000000001e-001	2.522385e+001
2.700000000000001e-001	2.616226e+001
2.800000000000001e-001	2.709824e+001
2.900000000000001e-001	2.803178e+001
3.000000000000001e-001	2.896287e+001
3.100000000000001e-001	2.989151e+001
3.200000000000001e-001	3.081768e+001
3.300000000000001e-001	3.174139e+001
3.400000000000001e-001	3.266261e+001
3.500000000000001e-001	3.358134e+001
3.600000000000002e-001	3.449759e+001
3.700000000000002e-001	3.541132e+001
3.800000000000002e-001	3.632254e+001
3.900000000000002e-001	3.723124e+001
4.000000000000002e-001	3.813742e+001
4.100000000000002e-001	3.904106e+001
4.200000000000002e-001	3.994215e+001
4.300000000000002e-001	4.084070e+001
4.400000000000002e-001	4.173668e+001
4.500000000000002e-001	4.263010e+001
4.600000000000002e-001	4.352095e+001
4.700000000000003e-001	4.440922e+001
4.800000000000003e-001	4.529490e+001
4.900000000000003e-001	4.617799e+001
5.000000000000002e-001	4.705847e+001
5.100000000000002e-001	4.793635e+001
5.200000000000002e-001	4.881161e+001
5.300000000000003e-001	4.968425e+001
5.400000000000003e-001	5.055426e+001
5.500000000000003e-001	5.142163e+001
5.600000000000003e-001	5.228637e+001
5.700000000000003e-001	5.314845e+001
5.800000000000003e-001	5.400788e+001
5.900000000000003e-001	5.486465e+001
6.000000000000003e-001	5.571876e+001
6.100000000000003e-001	5.657019e+001
6.200000000000003e-001	5.741894e+001
6.300000000000003e-001	5.826501e+001
6.400000000000004e-001	5.910839e+001
6.500000000000004e-001	5.994907e+001
6.600000000000004e-001	6.078705e+001
6.700000000000004e-001	6.162232e+001
6.800000000000004e-001	6.245488e+001
6.900000000000004e-001	6.328473e+001
7.000000000000004e-001	6.411185e+001
7.100000000000004e-001	6.493625e+001
7.200000000000004e-001	6.575791e+001
7.300000000000004e-001	6.657684e+001
7.400000000000004e-001	6.739302e+001
7.500000000000004e-001	6.820646e+001
7.600000000000005e-001	6.901714e+001
7.700000000000005e-001	6.982508e+001
7.800000000000005e-001	7.063026e+001
7.900000000000005e-001	7.143266e+001
8.000000000000005e-001	7.223231e+001
8.100000000000005e-001	7.302918e+001
8.200000000000005e-001	7.382328e+001
8.300000000000005e-001	7.461461e+001
8.400000000000005e-001	7.540314e+001
8.500000000000005e-001	7.618890e+001
8.600000000000005e-001	7.697187e+001
8.700000000000006e-001	7.775204e+001
8.800000000000006e-001	7.852943e+001
8.900000000000006e-001	7.930401e+001
9.000000000000006e-001	8.007580e+001
9.100000000000006e-001	8.084478e+001
9.200000000000006e-001	8.161096e+001
9.300000000000006e-001	8.237433e+001
9.400000000000006e-001	8.313490e+001
9.500000000000006e-001	8.389265e+001
9.600000000000006e-001	8.464758e+001
9.700000000000006e-001	8.539970e+001
9.800000000000007e-001	8.614901e+001
9.900000000000007e-001	8.689550e+001
1.000000000000001e+000	8.763917e+001
1.010000000000001e+000	8.838001e+001
1.020000000000001e+000	8.911803e+001
1.030000000000001e+000	8.985324e+001
1.040000000000001e+000	9.058562e+001
1.050000000000001e+000	9.131517e+001
1.060000000000001e+000	9.204189e+001
1.070000000000001e+000	9.276579e+001
1.080000000000001e+000	9.348687e+001
1.090000000000001e+000	9.420512e+001
1.100000000000001e+000	9.492053e+001
1.110000000000001e+000	9.563313e+001
1.120000000000001e+000	9.634290e+001
1.130000000000001e+000	9.704984e+001
1.140000000000001e+000	9.775394e+001
1.150000000000001e+000	9.845524e+001
1.160000000000001e+000	9.915370e+001
1.170000000000001e+000	9.984934e+001
1.180000000000001e+000	1.005422e+002
1.190000000000001e+000	1.012321e+002
1.200000000000001e+000	1.019193e+002
1.210000000000001e+000	1.026037e+002
1.220000000000001e+000	1.032852e+002
1.230000000000001e+000	1.039639e+002
1.240000000000001e+000	1.046398e+002
1.250000000000001e+000	1.053129e+002
1.260000000000001e+000	1.059832e+002
1.270000000000001e+000	1.066507e+002
1.280000000000001e+000	1.073154e+002
1.290000000000001e+000	1.079772e+002
1.300000000000001e+000	1.086363e+002
1.310000000000001e+000	1.092925e+002
1.320000000000001e+000	1.099460e+002
1.330000000000001e+000	1.105967e+002
1.340000000000001e+000	1.112446e+002
1.350000000000001e+000	1.118897e+002
1.360000000000001e+000	1.125320e+002
1.370000000000001e+000	1.131715e+002
1.380000000000001e+000	1.138083e+002
1.390000000000001e+000	1.144422e+002
1.400000000000001e+000	1.150734e+002
1.410000000000001e+000	1.157019e+002
1.420000000000001e+000	1.163276e+002
1.430000000000001e+000	1.169505e+002
1.440000000000001e+000	1.175707e+002
1.450000000000001e+000	1.181881e+002
1.460000000000001e+000	1.188028e+002
1.470000000000001e+000	1.194147e+002
1.480000000000001e+000	1.200239e+002
1.490000000000001e+000	1.206304e+002
1.500000000000001e+000	1.212341e+002
1.510000000000001e+000	1.218351e+002
1.520000000000001e+000	1.224334e+002
1.530000000000001e+000	1.230290e+002
1.540000000000001e+000	1.236219e+002
1.550000000000001e+000	1.242121e+002
1.560000000000001e+000	1.247996e+002
1.570000000000001e+000	1.253844e+002
1.580000000000001e+000	1.259666e+002
1.590000000000001e+000	1.265460e+002
1.600000000000001e+000	1.271228e+002
1.610000000000001e+000	1.276969e+002
1.620000000000001e+000	1.282683e+002
1.630000000000001e+000	1.288371e+002
1.640000000000001e+000	1.294033e+002
1.650000000000001e+000	1.299668e+002
1.660000000000001e+000	1.305277e+002
1.670000000000001e+000	1.310859e+002
1.680000000000001e+000	1.316416e+002
1.690000000000001e+000	1.321946e+002
1.700000000000001e+000	1.327450e+002
1.710000000000001e+000	1.332928e+002
1.720000000000001e+000	1.338380e+002
1.730000000000001e+000	1.343806e+002
1.740000000000001e+000	1.349207e+002
1.750000000000001e+000	1.354582e+002
1.760000000000001e+000	1.359931e+002
1.770000000000001e+000	1.365255e+002
1.780000000000001e+000	1.370553e+002
1.790000000000001e+000	1.375825e+002
1.800000000000001e+000	1.381073e+002
1.810000000000001e+000	1.386295e+002
1.820000000000001e+000	1.391492e+002
1.830000000000001e+000	1.396664e+002
1.840000000000001e+000	1.401810e+002
1.850000000000001e+000	1.406932e+002
1.860000000000001e+000	1.412029e+002
1.870000000000001e+000	1.417101e+002
1.880000000000001e+000	1.422149e+002
1.890000000000002e+000	1.427172e+002
1.900000000000002e+000	1.432170e+002
1.910000000000002e+000	1.437144e+002
1.920000000000002e+000	1.442094e+002
1.930000000000002e+000	1.447019e+002
1.940000000000002e+000	1.451920e+002
1.950000000000002e+000	1.456797e+002
1.960000000000002e+000	1.461650e+002
1.970000000000002e+000	1.466479e+002
1.980000000000002e+000	1.471284e+002
1.990000000000002e+000	1.476065e+002
2.000000000000001e+000	1.480823e+002
2.010000000000001e+000	1.485557e+002
2.020000000000001e+000	1.490267e+002
2.030000000000001e+000	1.494954e+002
2.040000000000001e+000	1.499618e+002
2.050000000000000e+000	1.504259e+002
2.060000000000000e+000	1.508876e+002
2.070000000000000e+000	1.513471e+002
2.080000000000000e+000	1.518042e+002
2.089999999999999e+000	1.522591e+002
2.099999999999999e+000	1.527116e+002
2.109999999999999e+000	1.531620e+002
2.119999999999999e+000	1.536100e+002
2.129999999999999e+000	1.540558e+002
2.139999999999998e+000	1.544994e+002
2.149999999999998e+000	1.549407e+002
2.159999999999998e+000	1.553798e+002
2.169999999999998e+000	1.558167e+002
2.179999999999998e+000	1.562514e+002
2.189999999999997e+000	1.566839e+002
2.199999999999997e+000	1.571142e+002
2.209999999999997e+000	1.575424e+002
2.219999999999997e+000	1.579683e+002
2.229999999999996e+000	1.583922e+002
2.239999999999996e+000	1.588138e+002
2.249999999999996e+000	1.592334e+002
2.259999999999996e+000	1.596508e+002
2.269999999999996e+000	1.600661e+002
2.279999999999995e+000	1.604792e+002
2.289999999999995e+000	1.608903e+002
2.299999999999995e+000	1.612993e+002
2.309999999999995e+000	1.617062e+002
2.319999999999995e+000	1.621111e+002
2.329999999999994e+000	1.625139e+002
2.339999999999994e+000	1.629146e+002
2.349999999999994e+000	1.633133e+002
2.359999999999994e+000	1.637099e+002
2.369999999999993e+000	1.641046e+002
2.379999999999993e+000	1.644972e+002
2.389999999999993e+000	1.648878e+002
2.399999999999993e+000	1.652765e+002
2.409999999999993e+000	1.656631e+002
2.419999999999992e+000	1.660478e+002
2.429999999999992e+000	1.664305e+002
2.439999999999992e+000	1.668112e+002
2.449999999999992e+000	1.671900e+002
2.459999999999992e+000	1.675669e+002
2.469999999999991e+000	1.679418e+002
2.479999999999991e+000	1.683149e+002
2.489999999999991e+000	1.686860e+002
2.499999999999991e+000	1.690552e+002
2.509999999999991e+000	1.694225e+002
2.519999999999990e+000	1.697880e+002
2.529999999999990e+000	1.701516e+002
2.539999999999990e+000	1.705133e+002
2.549999999999990e+000	1.708732e+002
2.559999999999989e+000	1.712312e+002
2.569999999999989e+000	1.715874e+002
2.579999999999989e+000	1.719418e+002
2.589999999999989e+000	1.722944e+002
2.599999999999989e+000	1.726451e+002
2.609999999999988e+000	1.729941e+002
2.619999999999988e+000	1.733413e+002
2.629999999999988e+000	1.736867e+002
2.639999999999988e+000	1.740303e+002
2.649999999999988e+000	1.743722e+002
2.659999999999987e+000	1.747124e+002
2.669999999999987e+000	1.750508e+002
2.679999999999987e+000	1.753874e+002
2.689999999999987e+000	1.757224e+002
2.699999999999986e+000	1.760556e+002
2.709999999999986e+000	1.763871e+002
2.719999999999986e+000	1.767170e+002
2.729999999999986e+000	1.770452e+002
2.739999999999986e+000	1.773716e+002
2.749999999999985e+000	1.776965e+002
2.759999999999985e+000	1.780196e+002
2.769999999999985e+000	1.783411e+002
2.779999999999985e+000	1.786610e+002
2.789999999999985e+000	1.789793e+002
2.799999999999984e+000	1.792959e+002
2.809999999999984e+000	1.796109e+002
2.819999999999984e+000	1.799243e+002
2.829999999999984e+000	1.802361e+002
2.839999999999983e+000	1.805464e+002
2.849999999999983e+000	1.808550e+002
2.859999999999983e+000	1.811621e+002
2.869999999999983e+000	1.814677e+002
2.879999999999983e+000	1.817716e+002
2.889999999999982e+000	1.820741e+002
2.899999999999982e+000	1.823750e+002
2.909999999999982e+000	1.826743e+002
2.919999999999982e+000	1.829722e+002
2.929999999999982e+000	1.832686e+002
2.939999999999981e+000	1.835634e+002
2.949999999999981e+000	1.838568e+002
2.959999999999981e+000	1.841487e+002
2.969999999999981e+000	1.844391e+002
2.979999999999980e+000	1.847280e+002
2.989999999999980e+000	1.850155e+002
3.000000000000000e+000	1.853015e+002
